==========================================================================
Time	PC	Instr	RD	RS1	RS2	ALU_OP	MEM_RD	STALL	BUBBLE
==========================================================================
0	0000	0000	0	0	0	0	0	0	0

>>> RESET RELEASED <<<

20000	0000	0123	0	0	0	0	0	0	0
25000	0002	0123	1	2	3	0	0	0	0
30000	0002	8235	1	2	3	0	0	0	0
35000	0004	8235	2	3	0	0	0	0	0
40000	0004	a30a	2	3	0	0	0	0	0
45000	0006	a30a	3	0	0	0	1	0	0
50000	0006	0431	3	0	0	0	1	1	1
60000	0006	1567	3	0	0	0	1	0	0
65000	000a	1567	5	6	7	1	0	0	0
70000	000a	c123	5	6	7	1	0	0	0
75000	000c	c123	0	1	2	1	0	0	0
